Loading data...
        [1, 2, 10, 23, 15, 16, 20, 29, 25, 24, 18, 17, 13, 22, 19, 12, 21, 5, 4, 14, 3, 11, 9, 6, 7, 28, 8, 27, 26, 32, 33, 31, 30]
        ['BIC_LO', 'BIC_SH', 'FCU', 'ED3', 'FDS2', 'FDP5', 'EDM', 'FPL', 'EIND', 'ED2', 'FDP3', 'FDP4', 'FDS4', 'ED4', 'FDP2', 'FDS5', 'ED5', 'PQ', 'PT', 'FDS3', 'SUP', 'PL', 'FCR', 'ECR_LO', 'ECR_BR', 'FPB', 'ECU', 'EPB', 'EPL', 'APB', 'ADPT', 'OP', 'APL']
        Expected clusters: [0, 0, 3, 5, 4, 4, 5, 6, 5, 5, 4, 4, 4, 5, 4, 4, 5, 1, 1, 4, 0, 3, 3, 2, 2, 6, 2, 6, 6, 6, 6, 6, 6]
        DOFs they cross: [[1], [1], [1, 2], [2, 7, 8, 9], [2, 7, 8], [2, 7, 8, 9], [2, 7, 8, 9], [2, 4, 3, 5, 6], [2, 7, 8, 9], [2, 7, 8, 9], [2, 7, 8, 9], [2, 7, 8, 9], [2, 7, 8], [2, 7, 8, 9], [2, 7, 8, 9], [2, 7, 8], [2, 7, 8, 9], [1], [1], [2, 7, 8], [1], [1, 2], [1, 2], [1, 2], [1, 2], [4, 3, 5], [1, 2], [2, 4, 3, 5], [1, 2, 4, 3, 5, 6], [4, 3, 5], [4, 3, 5], [4, 3], [1, 2, 4, 3]]
        Average dimensionality of muscles is 3.0
        Maximum dimensionality of muscles is 6
        DOFs that muscles cross: 1, 2, 3, 4, 5, 6, 7, 8, 9
        Enclosing supporting vector
        ['[1, 1, 1, 1, 1]', '[1, 1, 1, 1]', '[1, 1, 1, 2]', '[1, 1, 1]', '[1, 1, 2]', '[1, 1, 3]', '[1, 1]', '[1, 2, 2]', '[1, 2]', '[1, 3]', '[1, 4]', '[1]', '[2, 2]', '[2, 3]', '[2]', '[3]', '[4]', '[5]']
Generating parameter vectors and proximity matrix...
        BIC_LO    : 0.0000, 0.0000, 0.0000, 0.0000, 0.0000, 0.0000, 0.0000, 0.0000, 0.0000, 0.0000, 0.0000, 0.8881, 0.0000, 0.0000, 0.4544, 0.0165, 0.0673, 0.0000
        BIC_SH    : 0.0000, 0.0000, 0.0000, 0.0000, 0.0000, 0.0000, 0.0000, 0.0000, 0.0000, 0.0000, 0.0000, 0.8960, 0.0000, 0.0000, 0.4386, 0.0337, 0.0601, 0.0000
        FCU       : 0.0000, 0.0000, 0.0000, 0.0000, 0.0000, 0.0000, 0.0742, 0.0000, 0.0262, 0.0230, 0.0072, 0.8519, 0.0141, 0.0000, 0.3250, 0.3500, 0.1425, 0.1375
        ED3       : 0.0000, 0.0000, 0.0000, 0.0000, 0.0000, 0.0000, 0.0000, 0.0000, 0.0000, 0.0000, 0.0000, 0.9008, 0.0000, 0.0000, 0.3268, 0.2607, 0.1153, 0.0223
        FDS2      : 0.0000, 0.0000, 0.0000, 0.0000, 0.0000, 0.0000, 0.0000, 0.0000, 0.0000, 0.0000, 0.0000, 0.9081, 0.0000, 0.0000, 0.2437, 0.2925, 0.1673, 0.0488
        FDP5      : 0.0000, 0.0000, 0.0000, 0.0000, 0.0000, 0.0000, 0.0000, 0.0000, 0.0000, 0.0000, 0.0000, 0.9338, 0.0000, 0.0000, 0.1994, 0.2474, 0.1589, 0.0424
        EDM       : 0.0000, 0.0000, 0.0000, 0.0000, 0.0000, 0.0000, 0.0000, 0.0000, 0.0000, 0.0000, 0.0000, 0.9436, 0.0000, 0.0000, 0.1631, 0.2140, 0.1866, 0.0489
        FPL       : 0.0000, 0.0000, 0.0000, 0.0000, 0.0000, 0.0000, 0.0170, 0.0000, 0.0475, 0.0200, 0.0032, 0.9434, 0.0194, 0.0076, 0.2519, 0.1506, 0.1219, 0.0745
        EIND      : 0.0000, 0.0000, 0.0000, 0.0000, 0.0000, 0.0000, 0.0000, 0.0000, 0.0000, 0.0000, 0.0000, 0.9837, 0.0000, 0.0000, 0.0513, 0.1502, 0.0833, 0.0171
        ED2       : 0.0000, 0.0000, 0.0000, 0.0000, 0.0000, 0.0000, 0.0000, 0.0000, 0.0000, 0.0000, 0.0000, 0.9737, 0.0000, 0.0000, 0.0873, 0.1835, 0.1008, 0.0203
        FDP3      : 0.0000, 0.0000, 0.0000, 0.0000, 0.0000, 0.0000, 0.0000, 0.0000, 0.0000, 0.0000, 0.0000, 0.9758, 0.0000, 0.0000, 0.0884, 0.1469, 0.1309, 0.0361
        FDP4      : 0.0000, 0.0000, 0.0000, 0.0000, 0.0000, 0.0000, 0.0000, 0.0000, 0.0000, 0.0000, 0.0000, 0.9647, 0.0000, 0.0000, 0.1073, 0.1820, 0.1518, 0.0401
        FDS4      : 0.0000, 0.0000, 0.0000, 0.0000, 0.0000, 0.0000, 0.0000, 0.0000, 0.0000, 0.0000, 0.0000, 0.9642, 0.0000, 0.0000, 0.1437, 0.1975, 0.1020, 0.0157
        ED4       : 0.0000, 0.0000, 0.0000, 0.0000, 0.0000, 0.0000, 0.0000, 0.0000, 0.0000, 0.0000, 0.0000, 0.9765, 0.0000, 0.0000, 0.1358, 0.1493, 0.0731, 0.0180
        FDP2      : 0.0000, 0.0000, 0.0000, 0.0000, 0.0000, 0.0000, 0.0000, 0.0000, 0.0000, 0.0000, 0.0000, 0.9833, 0.0000, 0.0000, 0.1179, 0.1264, 0.0553, 0.0101
        FDS5      : 0.0000, 0.0000, 0.0000, 0.0000, 0.0000, 0.0000, 0.0000, 0.0000, 0.0000, 0.0000, 0.0000, 0.9861, 0.0000, 0.0000, 0.0974, 0.1126, 0.0709, 0.0197
        ED5       : 0.0000, 0.0000, 0.0000, 0.0000, 0.0000, 0.0000, 0.0000, 0.0000, 0.0000, 0.0000, 0.0000, 0.9828, 0.0000, 0.0000, 0.1563, 0.0854, 0.0454, 0.0169
        PQ        : 0.0000, 0.0000, 0.0000, 0.0000, 0.0000, 0.0000, 0.0000, 0.0000, 0.0000, 0.0000, 0.0000, 0.9739, 0.0000, 0.0000, 0.1907, 0.1130, 0.0486, 0.0000
        PT        : 0.0000, 0.0000, 0.0000, 0.0000, 0.0000, 0.0000, 0.0000, 0.0000, 0.0000, 0.0000, 0.0000, 0.9915, 0.0000, 0.0000, 0.1019, 0.0802, 0.0065, 0.0000
        FDS3      : 0.0000, 0.0000, 0.0000, 0.0000, 0.0000, 0.0000, 0.0000, 0.0000, 0.0000, 0.0000, 0.0000, 0.9960, 0.0000, 0.0000, 0.0592, 0.0598, 0.0293, 0.0066
        SUP       : 0.0000, 0.0000, 0.0000, 0.0000, 0.0000, 0.0000, 0.0000, 0.0000, 0.0000, 0.0000, 0.0000, 0.9976, 0.0000, 0.0000, 0.0672, 0.0160, 0.0000, 0.0000
        PL        : 0.0000, 0.0000, 0.0000, 0.0000, 0.0000, 0.0000, 0.0000, 0.0000, 0.0000, 0.0000, 0.0000, 0.9826, 0.0000, 0.0000, 0.1823, 0.0150, 0.0290, 0.0164
        FCR       : 0.0000, 0.0000, 0.0000, 0.0000, 0.0000, 0.0000, 0.0000, 0.0000, 0.0000, 0.0000, 0.0000, 0.9643, 0.0000, 0.0000, 0.2445, 0.0883, 0.0365, 0.0343
        ECR_LO    : 0.0000, 0.0000, 0.0000, 0.0000, 0.0000, 0.0000, 0.0000, 0.0000, 0.0000, 0.0000, 0.0000, 0.9566, 0.0000, 0.0000, 0.2897, 0.0243, 0.0154, 0.0134
        ECR_BR    : 0.0000, 0.0000, 0.0000, 0.0000, 0.0000, 0.0000, 0.0000, 0.0000, 0.0000, 0.0000, 0.0000, 0.9463, 0.0000, 0.0000, 0.3088, 0.0082, 0.0771, 0.0556
        FPB       : 0.0000, 0.0000, 0.0000, 0.0000, 0.0000, 0.0000, 0.0284, 0.0000, 0.1664, 0.1579, 0.0660, 0.9529, 0.0402, 0.0322, 0.1177, 0.1148, 0.0647, 0.0201
        ECU       : 0.0000, 0.0000, 0.0000, 0.0000, 0.0000, 0.0000, 0.1568, 0.0000, 0.1796, 0.0567, 0.0116, 0.9158, 0.0134, 0.0368, 0.2575, 0.1689, 0.0679, 0.0078
        EPB       : 0.0000, 0.0000, 0.0000, 0.0000, 0.0000, 0.0000, 0.0173, 0.0000, 0.0606, 0.1117, 0.1043, 0.9067, 0.1182, 0.1769, 0.1053, 0.1729, 0.2322, 0.1021
        EPL       : 0.0000, 0.0000, 0.0000, 0.0000, 0.0000, 0.0000, 0.0228, 0.0000, 0.1596, 0.1089, 0.0455, 0.8836, 0.3023, 0.2408, 0.1482, 0.0547, 0.0629, 0.0311
        APB       : 0.0000, 0.0000, 0.0000, 0.0000, 0.0000, 0.0000, 0.0933, 0.0000, 0.5473, 0.3641, 0.2134, 0.6414, 0.0706, 0.1267, 0.2613, 0.0453, 0.0997, 0.0316
        ADPT      : 0.0000, 0.0000, 0.0000, 0.0043, 0.0670, 0.0949, 0.0179, 0.0544, 0.3534, 0.3984, 0.1704, 0.2301, 0.1135, 0.1403, 0.6038, 0.4338, 0.1722, 0.0511
        OP        : 0.0000, 0.0000, 0.0000, 0.0000, 0.0000, 0.0000, 0.0962, 0.0000, 0.4483, 0.3978, 0.1937, 0.1124, 0.2480, 0.2471, 0.2460, 0.4906, 0.3864, 0.0913
        APL       : 0.0000, 0.0000, 0.0000, 0.0000, 0.0000, 0.0000, 0.0972, 0.0000, 0.5074, 0.5429, 0.2019, 0.0797, 0.3323, 0.2758, 0.1278, 0.2962, 0.2974, 0.1101
        Generated proximity matrix:
0.0000 0.0257 0.4010 0.2809 0.3652 0.3614 0.3788 0.2719 0.4359 0.4141 0.4049 0.4030 0.3695 0.3568 0.3669 0.3829 0.3214 0.2942 0.3777 0.4137 0.4079 0.2910 0.2391 0.1864 0.1668 0.4336 0.3529 0.5068 0.5343 0.7800 1.0026 1.2283 1.3010
0.0257 0.0000 0.3842 0.2601 0.3450 0.3404 0.3592 0.2520 0.4148 0.3923 0.3848 0.3827 0.3470 0.3347 0.3452 0.3623 0.3007 0.2719 0.3571 0.3945 0.3901 0.2734 0.2169 0.1677 0.1530 0.4167 0.3366 0.4932 0.5246 0.7787 1.0041 1.2261 1.2998
0.4010 0.3842 0.0000 0.1770 0.1689 0.2221 0.2644 0.2485 0.3965 0.3486 0.3606 0.3239 0.3036 0.3431 0.3755 0.3901 0.3829 0.3519 0.4318 0.4611 0.4954 0.4292 0.3413 0.3961 0.3795 0.4165 0.3109 0.3947 0.5545 0.7774 0.8964 1.0508 1.1750
0.2809 0.2601 0.1770 0.0000 0.1067 0.1407 0.1912 0.1603 0.3098 0.2624 0.2754 0.2451 0.2043 0.2375 0.2687 0.2895 0.2673 0.2250 0.3221 0.3587 0.3878 0.3090 0.2166 0.2655 0.2622 0.3616 0.2786 0.3865 0.5165 0.7910 0.9606 1.1348 1.2430
0.3652 0.3450 0.1689 0.1067 0.0000 0.0691 0.1195 0.1661 0.2665 0.2142 0.2267 0.1853 0.1659 0.2161 0.2512 0.2646 0.2684 0.2363 0.3169 0.3417 0.3821 0.3264 0.2494 0.3174 0.3078 0.3482 0.2980 0.3363 0.5165 0.8030 0.9856 1.1184 1.2286
0.3614 0.3404 0.2221 0.1407 0.0691 0.0000 0.0577 0.1341 0.2005 0.1486 0.1581 0.1173 0.1022 0.1531 0.1884 0.1989 0.2098 0.1836 0.2565 0.2771 0.3195 0.2724 0.2081 0.2826 0.2761 0.3073 0.2847 0.3109 0.4908 0.8008 1.0276 1.1484 1.2449
0.3788 0.3592 0.2644 0.1912 0.1195 0.0577 0.0000 0.1418 0.1727 0.1255 0.1199 0.0766 0.0966 0.1409 0.1732 0.1750 0.1977 0.1825 0.2424 0.2527 0.2975 0.2595 0.2135 0.2876 0.2750 0.2968 0.2987 0.2896 0.4838 0.8029 1.0554 1.1596 1.2488
0.2719 0.2520 0.2485 0.1603 0.1661 0.1341 0.1418 0.0000 0.2236 0.1893 0.1809 0.1667 0.1469 0.1534 0.1791 0.1900 0.1658 0.1428 0.2281 0.2544 0.2809 0.2004 0.1291 0.1897 0.1711 0.2528 0.2187 0.3058 0.4308 0.7347 1.0118 1.1542 1.2311
0.4359 0.4148 0.3965 0.3098 0.2665 0.2005 0.1727 0.2236 0.0000 0.0531 0.0638 0.0986 0.1073 0.0854 0.0763 0.0609 0.1290 0.1496 0.1171 0.1068 0.1602 0.1959 0.2097 0.2793 0.2990 0.2596 0.3309 0.3337 0.4673 0.8247 1.1509 1.2405 1.2992
0.4141 0.3923 0.3486 0.2624 0.2142 0.1486 0.1255 0.1893 0.0531 0.0000 0.0500 0.0589 0.0591 0.0656 0.0803 0.0786 0.1324 0.1370 0.1432 0.1479 0.1989 0.2065 0.1954 0.2719 0.2870 0.2604 0.3090 0.3185 0.4682 0.8169 1.1183 1.2151 1.2843
0.4049 0.3848 0.3606 0.2754 0.2267 0.1581 0.1199 0.1809 0.0638 0.0500 0.0000 0.0465 0.0837 0.0770 0.0879 0.0723 0.1269 0.1403 0.1471 0.1415 0.1910 0.1924 0.1919 0.2641 0.2682 0.2598 0.3149 0.3049 0.4631 0.8127 1.1261 1.2188 1.2842
0.4030 0.3827 0.3239 0.2451 0.1853 0.1173 0.0766 0.1667 0.0986 0.0589 0.0465 0.0000 0.0681 0.0933 0.1172 0.1110 0.1546 0.1551 0.1839 0.1853 0.2342 0.2224 0.2022 0.2784 0.2774 0.2705 0.3081 0.2939 0.4709 0.8106 1.1010 1.1947 1.2696
0.3695 0.3470 0.3036 0.2043 0.1659 0.1022 0.0966 0.1469 0.1073 0.0591 0.0837 0.0681 0.0000 0.0582 0.0911 0.1041 0.1276 0.1120 0.1601 0.1803 0.2249 0.2012 0.1635 0.2427 0.2562 0.2636 0.2812 0.3200 0.4669 0.8055 1.0838 1.1988 1.2761
0.3568 0.3347 0.3431 0.2375 0.2161 0.1531 0.1409 0.1534 0.0854 0.0656 0.0770 0.0933 0.0582 0.0000 0.0356 0.0541 0.0729 0.0725 0.1044 0.1277 0.1690 0.1489 0.1315 0.2075 0.2285 0.2502 0.2841 0.3337 0.4553 0.8045 1.1091 1.2278 1.2938
0.3669 0.3452 0.3755 0.2687 0.2512 0.1884 0.1732 0.1791 0.0763 0.0803 0.0879 0.1172 0.0911 0.0356 0.0000 0.0309 0.0575 0.0756 0.0703 0.0935 0.1346 0.1315 0.1370 0.2056 0.2332 0.2484 0.2962 0.3472 0.4536 0.8087 1.1293 1.2459 1.3051
0.3829 0.3623 0.3901 0.2895 0.2646 0.1989 0.1750 0.1900 0.0609 0.0786 0.0723 0.1110 0.1041 0.0541 0.0309 0.0000 0.0698 0.0987 0.0751 0.0790 0.1256 0.1360 0.1552 0.2208 0.2419 0.2490 0.3092 0.3397 0.4538 0.8115 1.1422 1.2496 1.3057
0.3214 0.3007 0.3829 0.2673 0.2684 0.2098 0.1977 0.1658 0.1290 0.1324 0.1269 0.1546 0.1276 0.0729 0.0575 0.0698 0.0000 0.0481 0.0697 0.1031 0.1237 0.0768 0.0922 0.1521 0.1819 0.2531 0.2898 0.3617 0.4479 0.7999 1.1259 1.2571 1.3123
0.2942 0.2719 0.3519 0.2250 0.2363 0.1836 0.1825 0.1428 0.1496 0.1370 0.1403 0.1551 0.1120 0.0725 0.0756 0.0987 0.0481 0.0000 0.1051 0.1450 0.1660 0.1020 0.0701 0.1388 0.1721 0.2586 0.2704 0.3635 0.4515 0.7945 1.0986 1.2405 1.3039
0.3777 0.3571 0.4318 0.3221 0.3169 0.2565 0.2424 0.2281 0.1171 0.1432 0.1471 0.1839 0.1601 0.1044 0.0703 0.0751 0.0697 0.1051 0.0000 0.0532 0.0735 0.1076 0.1523 0.1997 0.2411 0.2592 0.3215 0.3870 0.4559 0.8163 1.1614 1.2819 1.3284
0.4137 0.3945 0.4611 0.3587 0.3417 0.2771 0.2527 0.2544 0.1068 0.1479 0.1415 0.1853 0.1803 0.1277 0.0935 0.0790 0.1031 0.1450 0.0532 0.0000 0.0537 0.1320 0.1923 0.2370 0.2686 0.2649 0.3477 0.3818 0.4600 0.8245 1.1864 1.2902 1.3311
0.4079 0.3901 0.4954 0.3878 0.3821 0.3195 0.2975 0.2809 0.1602 0.1989 0.1910 0.2342 0.2249 0.1690 0.1346 0.1256 0.1237 0.1660 0.0735 0.0537 0.0000 0.1207 0.2006 0.2273 0.2648 0.2817 0.3642 0.4138 0.4640 0.8269 1.2025 1.3141 1.3470
0.2910 0.2734 0.4292 0.3090 0.3264 0.2724 0.2595 0.2004 0.1959 0.2065 0.1924 0.2224 0.2012 0.1489 0.1315 0.1360 0.0768 0.1020 0.1076 0.1320 0.1207 0.0000 0.0998 0.1118 0.1457 0.2770 0.3116 0.3973 0.4508 0.7976 1.1416 1.2843 1.3293
0.2391 0.2169 0.3413 0.2166 0.2494 0.2081 0.2135 0.1291 0.2097 0.1954 0.1919 0.2022 0.1635 0.1315 0.1370 0.1552 0.0922 0.0701 0.1523 0.1923 0.2006 0.0998 0.0000 0.0842 0.1140 0.2799 0.2691 0.3812 0.4549 0.7860 1.0809 1.2417 1.3047
0.1864 0.1677 0.3961 0.2655 0.3174 0.2826 0.2876 0.1897 0.2793 0.2719 0.2641 0.2784 0.2427 0.2075 0.2056 0.2208 0.1521 0.1388 0.1997 0.2370 0.2273 0.1118 0.0842 0.0000 0.0795 0.3173 0.2968 0.4313 0.4670 0.7845 1.0874 1.2666 1.3218
0.1668 0.1530 0.3795 0.2622 0.3078 0.2761 0.2750 0.1711 0.2990 0.2870 0.2682 0.2774 0.2562 0.2285 0.2332 0.2419 0.1819 0.1721 0.2411 0.2686 0.2648 0.1457 0.1140 0.0795 0.0000 0.3313 0.3058 0.4110 0.4712 0.7779 1.0735 1.2481 1.3067
0.4336 0.4167 0.4165 0.3616 0.3482 0.3073 0.2968 0.2528 0.2596 0.2604 0.2598 0.2705 0.2636 0.2502 0.2484 0.2490 0.2531 0.2586 0.2592 0.2649 0.2817 0.2770 0.2799 0.3173 0.3313 0.0000 0.2337 0.2870 0.3529 0.5893 1.0052 1.1045 1.1359
0.3529 0.3366 0.3109 0.2786 0.2980 0.2847 0.2987 0.2187 0.3309 0.3090 0.3149 0.3081 0.2812 0.2841 0.2962 0.3092 0.2898 0.2704 0.3215 0.3477 0.3642 0.3116 0.2691 0.2968 0.3058 0.2337 0.0000 0.3674 0.4170 0.6149 0.9497 1.0873 1.1567
0.5068 0.4932 0.3947 0.3865 0.3363 0.3109 0.2896 0.3058 0.3337 0.3185 0.3049 0.2939 0.3200 0.3337 0.3472 0.3397 0.3617 0.3635 0.3870 0.3818 0.4138 0.3973 0.3812 0.4313 0.4110 0.2870 0.3674 0.0000 0.3183 0.6757 0.9853 1.0216 1.0776
0.5343 0.5246 0.5545 0.5165 0.5165 0.4908 0.4838 0.4308 0.4673 0.4682 0.4631 0.4709 0.4669 0.4553 0.4536 0.4538 0.4479 0.4515 0.4559 0.4600 0.4640 0.4508 0.4549 0.4670 0.4712 0.3529 0.4170 0.3183 0.0000 0.6231 0.9950 1.0487 1.0526
0.7800 0.7787 0.7774 0.7910 0.8030 0.8008 0.8029 0.7347 0.8247 0.8169 0.8127 0.8106 0.8055 0.8045 0.8087 0.8115 0.7999 0.7945 0.8163 0.8245 0.8269 0.7976 0.7860 0.7845 0.7779 0.5893 0.6149 0.6757 0.6231 0.0000 0.7127 0.7883 0.7523
1.0026 1.0041 0.8964 0.9606 0.9856 1.0276 1.0554 1.0118 1.1509 1.1183 1.1261 1.1010 1.0838 1.1091 1.1293 1.1422 1.1259 1.0986 1.1614 1.1864 1.2025 1.1416 1.0809 1.0874 1.0735 1.0052 0.9497 0.9853 0.9950 0.7127 0.0000 0.5042 0.6495
1.2283 1.2261 1.0508 1.1348 1.1184 1.1484 1.1596 1.1542 1.2405 1.2151 1.2188 1.1947 1.1988 1.2278 1.2459 1.2496 1.2571 1.2405 1.2819 1.2902 1.3141 1.2843 1.2417 1.2666 1.2481 1.1045 1.0873 1.0216 1.0487 0.7883 0.5042 0.0000 0.3060
1.3010 1.2998 1.1750 1.2430 1.2286 1.2449 1.2488 1.2311 1.2992 1.2843 1.2842 1.2696 1.2761 1.2938 1.3051 1.3057 1.3123 1.3039 1.3284 1.3311 1.3470 1.3293 1.3047 1.3218 1.3067 1.1359 1.1567 1.0776 1.0526 0.7523 0.6495 0.3060 0.0000
Dendrogram generation and clustering...
Calculating PCA decomposition...
Projecting points to PCA vectors...
        ~~~~REPORT~~~~
Linkage using average:
Cluster 33 contains  0 and  1 clusters. Height of link:   0.025677, std   0.000000, contains  2 elements. Inconsistency numlinks  1, coefficient   0.000000
Cluster 34 contains 14 and 15 clusters. Height of link:   0.030915, std   0.000000, contains  2 elements. Inconsistency numlinks  1, coefficient   0.000000
Cluster 35 contains 13 and 34 clusters. Height of link:   0.044825, std   0.009835, contains  3 elements. Inconsistency numlinks  2, coefficient   0.707107
Cluster 36 contains 10 and 11 clusters. Height of link:   0.046525, std   0.000000, contains  2 elements. Inconsistency numlinks  1, coefficient   0.000000
Cluster 37 contains 16 and 17 clusters. Height of link:   0.048135, std   0.000000, contains  2 elements. Inconsistency numlinks  1, coefficient   0.000000
Cluster 38 contains  8 and  9 clusters. Height of link:   0.053070, std   0.000000, contains  2 elements. Inconsistency numlinks  1, coefficient   0.000000
Cluster 39 contains 18 and 19 clusters. Height of link:   0.053183, std   0.000000, contains  2 elements. Inconsistency numlinks  1, coefficient   0.000000
Cluster 40 contains  5 and  6 clusters. Height of link:   0.057722, std   0.000000, contains  2 elements. Inconsistency numlinks  1, coefficient   0.000000
Cluster 41 contains 39 and 20 clusters. Height of link:   0.063597, std   0.007363, contains  3 elements. Inconsistency numlinks  2, coefficient   0.707107
Cluster 42 contains 38 and 36 clusters. Height of link:   0.067844, std   0.010921, contains  4 elements. Inconsistency numlinks  3, coefficient   1.101643
Cluster 43 contains 35 and 37 clusters. Height of link:   0.074481, std   0.016251, contains  5 elements. Inconsistency numlinks  3, coefficient   1.148695
Cluster 44 contains 23 and 24 clusters. Height of link:   0.079497, std   0.000000, contains  2 elements. Inconsistency numlinks  1, coefficient   0.000000
Cluster 45 contains 42 and 12 clusters. Height of link:   0.079562, std   0.008287, contains  5 elements. Inconsistency numlinks  2, coefficient   0.707107
Cluster 46 contains  4 and 40 clusters. Height of link:   0.094339, std   0.025893, contains  3 elements. Inconsistency numlinks  2, coefficient   0.707107
Cluster 47 contains 22 and 44 clusters. Height of link:   0.099064, std   0.013836, contains  3 elements. Inconsistency numlinks  2, coefficient   0.707107
Cluster 48 contains 45 and 43 clusters. Height of link:   0.104950, std   0.016323, contains 10 elements. Inconsistency numlinks  3, coefficient   1.140626
Cluster 49 contains 21 and 47 clusters. Height of link:   0.119081, std   0.014154, contains  4 elements. Inconsistency numlinks  2, coefficient   0.707107
Cluster 50 contains 48 and 41 clusters. Height of link:   0.140485, std   0.038481, contains 13 elements. Inconsistency numlinks  3, coefficient   0.973847
Cluster 51 contains  3 and 46 clusters. Height of link:   0.146200, std   0.036671, contains  4 elements. Inconsistency numlinks  2, coefficient   0.707107
Cluster 52 contains 51 and  7 clusters. Height of link:   0.150591, std   0.003106, contains  5 elements. Inconsistency numlinks  2, coefficient   0.707107
Cluster 53 contains 50 and 49 clusters. Height of link:   0.196398, std   0.039922, contains 17 elements. Inconsistency numlinks  3, coefficient   1.112435
Cluster 54 contains  2 and 52 clusters. Height of link:   0.216191, std   0.046386, contains  6 elements. Inconsistency numlinks  2, coefficient   0.707107
Cluster 55 contains 25 and 26 clusters. Height of link:   0.233733, std   0.000000, contains  2 elements. Inconsistency numlinks  1, coefficient   0.000000
Cluster 56 contains 54 and 53 clusters. Height of link:   0.252832, std   0.028633, contains 23 elements. Inconsistency numlinks  3, coefficient   1.083535
Cluster 57 contains 56 and 55 clusters. Height of link:   0.292782, std   0.030132, contains 25 elements. Inconsistency numlinks  3, coefficient   1.095175
Cluster 58 contains 31 and 32 clusters. Height of link:   0.306031, std   0.000000, contains  2 elements. Inconsistency numlinks  1, coefficient   0.000000
Cluster 59 contains 27 and 28 clusters. Height of link:   0.318342, std   0.000000, contains  2 elements. Inconsistency numlinks  1, coefficient   0.000000
Cluster 60 contains 33 and 57 clusters. Height of link:   0.337228, std   0.168515, contains 27 elements. Inconsistency numlinks  3, coefficient   0.704182
Cluster 61 contains 60 and 59 clusters. Height of link:   0.415600, std   0.051572, contains 29 elements. Inconsistency numlinks  3, coefficient   1.135180
Cluster 62 contains 30 and 58 clusters. Height of link:   0.576881, std   0.191520, contains  3 elements. Inconsistency numlinks  2, coefficient   0.707107
Cluster 63 contains 29 and 62 clusters. Height of link:   0.751101, std   0.123192, contains  4 elements. Inconsistency numlinks  2, coefficient   0.707107
Cluster 64 contains 61 and 63 clusters. Height of link:   1.075600, std   0.330015, contains 33 elements. Inconsistency numlinks  3, coefficient   0.994397
Mean inconsistency coefficient 0.570871539648, median 0.707106781187, std 0.441524468777, disp 1.14863124996
Reduced tree has 10 clusters, varlen: 33:
[ 1  1  2  2  2  2  2  2  3  3  3  3  3  4  4  4  5  5  6  6  6  7  7  7
  7  8  8  9  9 10 10 10 10]
Grouped hierarchical incons clusters:
        Cluster 1 ['BIC_LO', 'BIC_SH']
        Cluster 2 ['FCU', 'ED3', 'FDS2', 'FDP5', 'EDM', 'FPL']
        Cluster 3 ['EIND', 'ED2', 'FDP3', 'FDP4', 'FDS4']
        Cluster 4 ['ED4', 'FDP2', 'FDS5']
        Cluster 5 ['ED5', 'PQ']
        Cluster 6 ['PT', 'FDS3', 'SUP']
        Cluster 7 ['PL', 'FCR', 'ECR_LO', 'ECR_BR']
        Cluster 8 ['FPB', 'ECU']
        Cluster 9 ['EPB', 'EPL']
        Cluster 10 ['APB', 'ADPT', 'OP', 'APL']
Cophenetic correlation distance: 0.9555171853751999
PCA clustering:
        Component # 1. Variance explained 0.75843101.Total ve 0.75843101. Main comps: [1]       : -0.6807, [1, 2]    : +0.4116, [1, 3]    : +0.3943, [3]       : +0.2186, [2, 2]    : +0.2011.
                [+0.0000 -0.0000 +0.0000 +0.0009 +0.0146 +0.0207 +0.0697 +0.0119 +0.4116 +0.3943 +0.1747 -0.6807 +0.2011 +0.1977 +0.1177 +0.2186 +0.1773 +0.0546].
        Component # 2. Variance explained 0.10226242.Total ve 0.86069343. Main comps: [2]       : +0.8407, [3]       : +0.2757, [2, 2]    : -0.2341, [1, 2]    : -0.2321, [2, 3]    : -0.2039.
                [+0.0000 +0.0000 +0.0000 +0.0029 +0.0441 +0.0625 -0.0409 +0.0358 -0.2321 -0.1648 -0.0906 -0.1499 -0.2341 -0.2039 +0.8407 +0.2757 +0.0132 +0.0115].
        Component # 3. Variance explained 0.07740813.Total ve 0.93810156. Main comps: [3]       : -0.7125, [2]       : +0.3989, [4]       : -0.3972, [1, 2]    : +0.3356.
                [-0.0000 -0.0000 +0.0000 +0.0006 +0.0096 +0.0136 +0.0348 +0.0078 +0.3356 +0.1717 +0.0946 +0.0677 +0.0039 +0.0322 +0.3989 -0.7125 -0.3972 -0.1312].
        Component # 4. Variance explained 0.02460329.Total ve 0.96270485. Main comps: [2, 2]    : +0.6174, [1, 2]    : -0.4724, [2, 3]    : +0.4393, [3]       : -0.2630.
                [-0.0000 +0.0000 +0.0000 -0.0009 -0.0135 -0.0192 -0.1739 -0.0110 -0.4724 -0.1678 -0.1122 -0.1450 +0.6174 +0.4393 +0.1549 -0.2630 +0.1034 +0.0784].
        Component # 5. Variance explained 0.01718138.Total ve 0.97988624. Main comps: [1]       : +0.6149, [1, 2]    : +0.3462, [2, 3]    : +0.3200, [2]       : +0.2881, [1, 1]    : +0.2837, [4]       : +0.2517, [3]       : +0.2382, [2, 2]    : +0.2302, [5]       : +0.2118.
                [+0.0000 -0.0000 -0.0000 -0.0023 -0.0351 -0.0497 +0.2837 -0.0285 +0.3462 -0.0335 +0.1124 +0.6149 +0.2302 +0.3200 +0.2881 +0.2382 +0.2517 +0.2118].
        Component # 6. Variance explained 0.00857533.Total ve 0.98846157. Main comps: [4]       : -0.7304, [3]       : +0.4557, [2, 2]    : +0.3049, [5]       : -0.2595.
                [+0.0000 +0.0000 +0.0000 +0.0077 +0.1186 +0.1679 +0.0498 +0.0963 +0.0320 +0.0123 -0.1501 +0.0589 +0.3049 +0.1274 -0.0334 +0.4557 -0.7304 -0.2595].
        Component # 7. Variance explained 0.00593194.Total ve 0.99439351. Main comps: [1, 1]    : +0.6589, [1, 3]    : -0.4108, [1, 4]    : -0.3913, [1]       : -0.2609, [1, 1, 3] : -0.2511.
                [-0.0000 +0.0000 -0.0000 -0.0115 -0.1774 -0.2511 +0.6589 -0.1440 +0.1337 -0.4108 -0.3913 -0.2609 +0.1057 -0.1397 -0.0388 -0.0947 -0.0363 -0.0102].
        Component # 8. Variance explained 0.00293489.Total ve 0.99732841. Main comps: [5]       : +0.8266, [1, 3]    : +0.3113, [4]       : -0.3042, [1, 2]    : -0.2329, [1, 1]    : +0.2169.
                [+0.0000 -0.0000 +0.0000 +0.0018 +0.0280 +0.0397 +0.2169 +0.0228 -0.2329 +0.3113 -0.0122 -0.0064 +0.0096 -0.1450 -0.0296 -0.0306 -0.3042 +0.8266].
        Component # 9. Variance explained 0.00129103.Total ve 0.99861944. Main comps: [2, 3]    : +0.5014, [1, 1]    : +0.4907, [2, 2]    : -0.4047, [1, 4]    : +0.3569, [1, 2]    : -0.3008, [1, 1, 3] : +0.2179.
                [+0.0000 +0.0000 +0.0000 +0.0100 +0.1539 +0.2179 +0.4907 +0.1250 -0.3008 -0.0824 +0.3569 -0.0975 -0.4047 +0.5014 -0.0542 -0.0562 -0.0408 -0.1235].
        Component #10. Variance explained 0.00082008.Total ve 0.99943952. Main comps: [1, 3]    : +0.6270, [1, 4]    : -0.3615, [5]       : -0.3466, [1, 1]    : +0.3329, [1, 2]    : -0.2724, [4]       : +0.2674.
                [-0.0000 +0.0000 -0.0000 +0.0055 +0.0850 +0.1204 +0.3329 +0.0690 -0.2724 +0.6270 -0.3615 +0.1667 +0.1161 -0.1628 +0.0492 -0.0533 +0.2674 -0.3466].
        Component #11. Variance explained 0.00054074.Total ve 0.99998026. Main comps: [1, 1, 3] : -0.5947, [1, 1, 2] : -0.4200, [1, 4]    : +0.3516, [1, 2, 2] : -0.3411, [1, 2]    : -0.2724, [1, 3]    : +0.2530.
                [-0.0000 -0.0000 -0.0000 -0.0272 -0.4200 -0.5947 +0.0405 -0.3411 -0.2724 +0.2530 +0.3516 +0.0403 -0.0113 +0.0235 +0.0658 +0.1354 -0.1795 -0.1794].
        Component #12. Variance explained 0.00001974.Total ve 1.00000000. Main comps: [1, 4]    : +0.6080, [2, 3]    : -0.5363, [2, 2]    : +0.4347, [1, 1]    : +0.2112.
                [+0.0000 -0.0000 +0.0000 +0.0080 +0.1236 +0.1751 +0.2112 +0.1004 -0.0950 -0.1697 +0.6080 +0.0018 +0.4347 -0.5363 -0.0062 -0.0295 +0.0623 -0.1022].
        Component #13. Variance explained 0.00000000.Total ve 1.00000000. Main comps: [1, 1, 1] : -0.9717.
                [-0.0000 +0.0000 -0.0000 -0.9717 +0.1973 -0.0213 -0.0000 -0.1283 +0.0000 -0.0000 +0.0000 +0.0000 +0.0000 -0.0000 +0.0000 +0.0000 +0.0000 -0.0000].
        Component #14. Variance explained 0.00000000.Total ve 1.00000000. Main comps: [1, 1, 1, 1]: -0.9043, [1, 1, 1, 2]: -0.4249.
                [-0.0000 -0.9043 -0.4249 -0.0062 -0.0081 -0.0154 -0.0000 +0.0374 +0.0000 -0.0000 -0.0000 -0.0000 -0.0000 +0.0000 -0.0000 +0.0000 -0.0000 +0.0000].
        Component #15. Variance explained 0.00000000.Total ve 1.00000000. Main comps: [1, 1, 1, 2]: +0.8377, [1, 1, 1, 1]: -0.3756, [1, 2, 2] : +0.3520.
                [-0.0000 -0.3756 +0.8377 -0.0706 -0.1303 -0.1067 +0.0000 +0.3520 +0.0000 -0.0000 -0.0000 +0.0000 +0.0000 -0.0000 -0.0000 +0.0000 +0.0000 -0.0000].
        Component #16. Variance explained 0.00000000.Total ve 1.00000000. Main comps: [1, 1, 3] : -0.6643, [1, 1, 2] : +0.5862, [1, 2, 2] : +0.4302.
                [-0.0000 +0.0844 -0.1299 +0.0767 +0.5862 -0.6643 +0.0000 +0.4302 +0.0000 -0.0000 +0.0000 +0.0000 +0.0000 -0.0000 -0.0000 -0.0000 -0.0000 -0.0000].
        Component #17. Variance explained 0.00000000.Total ve 1.00000000. Main comps: [1, 2, 2] : -0.7024, [1, 1, 2] : +0.5725, [1, 1, 1, 2]: +0.3177, [1, 1, 1] : +0.2093.
                [-0.0000 -0.1846 +0.3177 +0.2093 +0.5725 -0.0111 +0.0000 -0.7024 +0.0000 +0.0000 -0.0000 +0.0000 -0.0000 +0.0000 -0.0000 -0.0000 -0.0000 +0.0000].
        Component #18. Variance explained 0.00000000.Total ve 1.00000000. Main comps: [1, 1, 1, 1, 1]: -1.0000.
                [-1.0000 -0.0000 -0.0000 -0.0000 -0.0000 -0.0000 -0.0000 -0.0000 -0.0000 -0.0000 -0.0000 -0.0000 -0.0000 -0.0000 -0.0000 -0.0000 -0.0000 -0.0000].
The order of muscles (ids) in the dendrogram:
[1, 2, 10, 23, 15, 16, 20, 29, 25, 24, 18, 17, 13, 22, 19, 12, 21, 5, 4, 14, 3, 11, 9, 6, 7, 28, 8, 27, 26, 32, 33, 31, 30]
['BIC_LO', 'BIC_SH', 'FCU', 'ED3', 'FDS2', 'FDP5', 'EDM', 'FPL', 'EIND', 'ED2', 'FDP3', 'FDP4', 'FDS4', 'ED4', 'FDP2', 'FDS5', 'ED5', 'PQ', 'PT', 'FDS3', 'SUP', 'PL', 'FCR', 'ECR_LO', 'ECR_BR', 'FPB', 'ECU', 'EPB', 'EPL', 'APB', 'ADPT', 'OP', 'APL']
And reversed:
[30, 31, 33, 32, 26, 27, 8, 28, 7, 6, 9, 11, 3, 14, 4, 5, 21, 12, 19, 22, 13, 17, 18, 24, 25, 29, 20, 16, 15, 23, 10, 2, 1]
['APL', 'OP', 'ADPT', 'APB', 'EPL', 'EPB', 'ECU', 'FPB', 'ECR_BR', 'ECR_LO', 'FCR', 'PL', 'SUP', 'FDS3', 'PT', 'PQ', 'ED5', 'FDS5', 'FDP2', 'ED4', 'FDS4', 'FDP4', 'FDP3', 'ED2', 'EIND', 'FPL', 'EDM', 'FDP5', 'FDS2', 'ED3', 'FCU', 'BIC_SH', 'BIC_LO']
