Loading data...
        [1, 2, 3, 4, 5, 6, 7, 8, 9, 10, 11, 12, 13, 14, 15, 16, 17, 18, 19, 20, 21, 22, 23, 24, 25, 26, 27, 28, 29, 30, 31, 32, 33]
        ['BIC_LO', 'BIC_SH', 'SUP', 'PT', 'PQ', 'ECR_LO', 'ECR_BR', 'ECU', 'FCR', 'FCU', 'PL', 'FDS5', 'FDS4', 'FDS3', 'FDS2', 'FDP5', 'FDP4', 'FDP3', 'FDP2', 'EDM', 'ED5', 'ED4', 'ED3', 'ED2', 'EIND', 'EPL', 'EPB', 'FPB', 'FPL', 'APL', 'OP', 'APB', 'ADPT']
        Expected clusters: [0, 0, 0, 1, 1, 2, 2, 2, 3, 3, 3, 4, 4, 4, 4, 4, 4, 4, 4, 5, 5, 5, 5, 5, 5, 6, 6, 6, 6, 6, 6, 6, 6]
        DOFs they cross: [[1], [1], [1], [1], [1], [1, 2], [1, 2], [1, 2], [1, 2], [1, 2], [1, 2], [2, 7, 8], [2, 7, 8], [2, 7, 8], [2, 7, 8], [2, 7, 8, 9], [2, 7, 8, 9], [2, 7, 8, 9], [2, 7, 8, 9], [2, 7, 8, 9], [2, 7, 8, 9], [2, 7, 8, 9], [2, 7, 8, 9], [2, 7, 8, 9], [2, 7, 8, 9], [1, 2, 4, 3, 5, 6], [2, 4, 3, 5], [4, 3, 5], [2, 4, 3, 5, 6], [1, 2, 4, 3], [4, 3], [4, 3, 5], [4, 3, 5]]
        Average dimensionality of muscles is 3.0
        Maximum dimensionality of muscles is 6
        DOFs that muscles cross: 1, 2, 3, 4, 5, 6, 7, 8, 9
        Enclosing supporting vector
        ['[1, 1, 1, 1, 1]', '[1, 1, 1, 1]', '[1, 1, 1, 2]', '[1, 1, 1]', '[1, 1, 2]', '[1, 1, 3]', '[1, 1]', '[1, 2, 2]', '[1, 2]', '[1, 3]', '[1, 4]', '[1]', '[2, 2]', '[2, 3]', '[2]', '[3]', '[4]', '[5]']
Generating parameter vectors and proximity matrix...
        BIC_LO    : 0.0000, 0.0000, 0.0000, 0.0000, 0.0000, 0.0000, 0.0000, 0.0000, 0.0000, 0.0000, 0.0000, 0.8881, 0.0000, 0.0000, 0.4544, 0.0165, 0.0673, 0.0000
        BIC_SH    : 0.0000, 0.0000, 0.0000, 0.0000, 0.0000, 0.0000, 0.0000, 0.0000, 0.0000, 0.0000, 0.0000, 0.8960, 0.0000, 0.0000, 0.4386, 0.0337, 0.0601, 0.0000
        SUP       : 0.0000, 0.0000, 0.0000, 0.0000, 0.0000, 0.0000, 0.0000, 0.0000, 0.0000, 0.0000, 0.0000, 0.9976, 0.0000, 0.0000, 0.0672, 0.0160, 0.0000, 0.0000
        PT        : 0.0000, 0.0000, 0.0000, 0.0000, 0.0000, 0.0000, 0.0000, 0.0000, 0.0000, 0.0000, 0.0000, 0.9915, 0.0000, 0.0000, 0.1019, 0.0802, 0.0065, 0.0000
        PQ        : 0.0000, 0.0000, 0.0000, 0.0000, 0.0000, 0.0000, 0.0000, 0.0000, 0.0000, 0.0000, 0.0000, 0.9739, 0.0000, 0.0000, 0.1907, 0.1130, 0.0486, 0.0000
        ECR_LO    : 0.0000, 0.0000, 0.0000, 0.0000, 0.0000, 0.0000, 0.0000, 0.0000, 0.0000, 0.0000, 0.0000, 0.9566, 0.0000, 0.0000, 0.2897, 0.0243, 0.0154, 0.0134
        ECR_BR    : 0.0000, 0.0000, 0.0000, 0.0000, 0.0000, 0.0000, 0.0000, 0.0000, 0.0000, 0.0000, 0.0000, 0.9463, 0.0000, 0.0000, 0.3088, 0.0082, 0.0771, 0.0556
        ECU       : 0.0000, 0.0000, 0.0000, 0.0000, 0.0000, 0.0000, 0.1568, 0.0000, 0.1796, 0.0567, 0.0116, 0.9158, 0.0134, 0.0368, 0.2575, 0.1689, 0.0679, 0.0078
        FCR       : 0.0000, 0.0000, 0.0000, 0.0000, 0.0000, 0.0000, 0.0000, 0.0000, 0.0000, 0.0000, 0.0000, 0.9643, 0.0000, 0.0000, 0.2445, 0.0883, 0.0365, 0.0343
        FCU       : 0.0000, 0.0000, 0.0000, 0.0000, 0.0000, 0.0000, 0.0742, 0.0000, 0.0262, 0.0230, 0.0072, 0.8519, 0.0141, 0.0000, 0.3250, 0.3500, 0.1425, 0.1375
        PL        : 0.0000, 0.0000, 0.0000, 0.0000, 0.0000, 0.0000, 0.0000, 0.0000, 0.0000, 0.0000, 0.0000, 0.9826, 0.0000, 0.0000, 0.1823, 0.0150, 0.0290, 0.0164
        FDS5      : 0.0000, 0.0000, 0.0000, 0.0000, 0.0000, 0.0000, 0.0000, 0.0000, 0.0000, 0.0000, 0.0000, 0.9861, 0.0000, 0.0000, 0.0974, 0.1126, 0.0709, 0.0197
        FDS4      : 0.0000, 0.0000, 0.0000, 0.0000, 0.0000, 0.0000, 0.0000, 0.0000, 0.0000, 0.0000, 0.0000, 0.9642, 0.0000, 0.0000, 0.1437, 0.1975, 0.1020, 0.0157
        FDS3      : 0.0000, 0.0000, 0.0000, 0.0000, 0.0000, 0.0000, 0.0000, 0.0000, 0.0000, 0.0000, 0.0000, 0.9960, 0.0000, 0.0000, 0.0592, 0.0598, 0.0293, 0.0066
        FDS2      : 0.0000, 0.0000, 0.0000, 0.0000, 0.0000, 0.0000, 0.0000, 0.0000, 0.0000, 0.0000, 0.0000, 0.9081, 0.0000, 0.0000, 0.2437, 0.2925, 0.1673, 0.0488
        FDP5      : 0.0000, 0.0000, 0.0000, 0.0000, 0.0000, 0.0000, 0.0000, 0.0000, 0.0000, 0.0000, 0.0000, 0.9338, 0.0000, 0.0000, 0.1994, 0.2474, 0.1589, 0.0424
        FDP4      : 0.0000, 0.0000, 0.0000, 0.0000, 0.0000, 0.0000, 0.0000, 0.0000, 0.0000, 0.0000, 0.0000, 0.9647, 0.0000, 0.0000, 0.1073, 0.1820, 0.1518, 0.0401
        FDP3      : 0.0000, 0.0000, 0.0000, 0.0000, 0.0000, 0.0000, 0.0000, 0.0000, 0.0000, 0.0000, 0.0000, 0.9758, 0.0000, 0.0000, 0.0884, 0.1469, 0.1309, 0.0361
        FDP2      : 0.0000, 0.0000, 0.0000, 0.0000, 0.0000, 0.0000, 0.0000, 0.0000, 0.0000, 0.0000, 0.0000, 0.9833, 0.0000, 0.0000, 0.1179, 0.1264, 0.0553, 0.0101
        EDM       : 0.0000, 0.0000, 0.0000, 0.0000, 0.0000, 0.0000, 0.0000, 0.0000, 0.0000, 0.0000, 0.0000, 0.9436, 0.0000, 0.0000, 0.1631, 0.2140, 0.1866, 0.0489
        ED5       : 0.0000, 0.0000, 0.0000, 0.0000, 0.0000, 0.0000, 0.0000, 0.0000, 0.0000, 0.0000, 0.0000, 0.9828, 0.0000, 0.0000, 0.1563, 0.0854, 0.0454, 0.0169
        ED4       : 0.0000, 0.0000, 0.0000, 0.0000, 0.0000, 0.0000, 0.0000, 0.0000, 0.0000, 0.0000, 0.0000, 0.9765, 0.0000, 0.0000, 0.1358, 0.1493, 0.0731, 0.0180
        ED3       : 0.0000, 0.0000, 0.0000, 0.0000, 0.0000, 0.0000, 0.0000, 0.0000, 0.0000, 0.0000, 0.0000, 0.9008, 0.0000, 0.0000, 0.3268, 0.2607, 0.1153, 0.0223
        ED2       : 0.0000, 0.0000, 0.0000, 0.0000, 0.0000, 0.0000, 0.0000, 0.0000, 0.0000, 0.0000, 0.0000, 0.9737, 0.0000, 0.0000, 0.0873, 0.1835, 0.1008, 0.0203
        EIND      : 0.0000, 0.0000, 0.0000, 0.0000, 0.0000, 0.0000, 0.0000, 0.0000, 0.0000, 0.0000, 0.0000, 0.9837, 0.0000, 0.0000, 0.0513, 0.1502, 0.0833, 0.0171
        EPL       : 0.0000, 0.0000, 0.0000, 0.0000, 0.0000, 0.0000, 0.0228, 0.0000, 0.1596, 0.1089, 0.0455, 0.8836, 0.3023, 0.2408, 0.1482, 0.0547, 0.0629, 0.0311
        EPB       : 0.0000, 0.0000, 0.0000, 0.0000, 0.0000, 0.0000, 0.0173, 0.0000, 0.0606, 0.1117, 0.1043, 0.9067, 0.1182, 0.1769, 0.1053, 0.1729, 0.2322, 0.1021
        FPB       : 0.0000, 0.0000, 0.0000, 0.0000, 0.0000, 0.0000, 0.0284, 0.0000, 0.1664, 0.1579, 0.0660, 0.9529, 0.0402, 0.0322, 0.1177, 0.1148, 0.0647, 0.0201
        FPL       : 0.0000, 0.0000, 0.0000, 0.0000, 0.0000, 0.0000, 0.0170, 0.0000, 0.0475, 0.0200, 0.0032, 0.9434, 0.0194, 0.0076, 0.2519, 0.1506, 0.1219, 0.0745
        APL       : 0.0000, 0.0000, 0.0000, 0.0000, 0.0000, 0.0000, 0.0972, 0.0000, 0.5074, 0.5429, 0.2019, 0.0797, 0.3323, 0.2758, 0.1278, 0.2962, 0.2974, 0.1101
        OP        : 0.0000, 0.0000, 0.0000, 0.0000, 0.0000, 0.0000, 0.0962, 0.0000, 0.4483, 0.3978, 0.1937, 0.1124, 0.2480, 0.2471, 0.2460, 0.4906, 0.3864, 0.0913
        APB       : 0.0000, 0.0000, 0.0000, 0.0000, 0.0000, 0.0000, 0.0933, 0.0000, 0.5473, 0.3641, 0.2134, 0.6414, 0.0706, 0.1267, 0.2613, 0.0453, 0.0997, 0.0316
        ADPT      : 0.0000, 0.0000, 0.0000, 0.0043, 0.0670, 0.0949, 0.0179, 0.0544, 0.3534, 0.3984, 0.1704, 0.2301, 0.1135, 0.1403, 0.6038, 0.4338, 0.1722, 0.0511
        Generated proximity matrix:
0.0000 0.0257 0.4079 0.3777 0.2942 0.1864 0.1668 0.3529 0.2391 0.4010 0.2910 0.3829 0.3695 0.4137 0.3652 0.3614 0.4030 0.4049 0.3669 0.3788 0.3214 0.3568 0.2809 0.4141 0.4359 0.5343 0.5068 0.4336 0.2719 1.3010 1.2283 0.7800 1.0026
0.0257 0.0000 0.3901 0.3571 0.2719 0.1677 0.1530 0.3366 0.2169 0.3842 0.2734 0.3623 0.3470 0.3945 0.3450 0.3404 0.3827 0.3848 0.3452 0.3592 0.3007 0.3347 0.2601 0.3923 0.4148 0.5246 0.4932 0.4167 0.2520 1.2998 1.2261 0.7787 1.0041
0.4079 0.3901 0.0000 0.0735 0.1660 0.2273 0.2648 0.3642 0.2006 0.4954 0.1207 0.1256 0.2249 0.0537 0.3821 0.3195 0.2342 0.1910 0.1346 0.2975 0.1237 0.1690 0.3878 0.1989 0.1602 0.4640 0.4138 0.2817 0.2809 1.3470 1.3141 0.8269 1.2025
0.3777 0.3571 0.0735 0.0000 0.1051 0.1997 0.2411 0.3215 0.1523 0.4318 0.1076 0.0751 0.1601 0.0532 0.3169 0.2565 0.1839 0.1471 0.0703 0.2424 0.0697 0.1044 0.3221 0.1432 0.1171 0.4559 0.3870 0.2592 0.2281 1.3284 1.2819 0.8163 1.1614
0.2942 0.2719 0.1660 0.1051 0.0000 0.1388 0.1721 0.2704 0.0701 0.3519 0.1020 0.0987 0.1120 0.1450 0.2363 0.1836 0.1551 0.1403 0.0756 0.1825 0.0481 0.0725 0.2250 0.1370 0.1496 0.4515 0.3635 0.2586 0.1428 1.3039 1.2405 0.7945 1.0986
0.1864 0.1677 0.2273 0.1997 0.1388 0.0000 0.0795 0.2968 0.0842 0.3961 0.1118 0.2208 0.2427 0.2370 0.3174 0.2826 0.2784 0.2641 0.2056 0.2876 0.1521 0.2075 0.2655 0.2719 0.2793 0.4670 0.4313 0.3173 0.1897 1.3218 1.2666 0.7845 1.0874
0.1668 0.1530 0.2648 0.2411 0.1721 0.0795 0.0000 0.3058 0.1140 0.3795 0.1457 0.2419 0.2562 0.2686 0.3078 0.2761 0.2774 0.2682 0.2332 0.2750 0.1819 0.2285 0.2622 0.2870 0.2990 0.4712 0.4110 0.3313 0.1711 1.3067 1.2481 0.7779 1.0735
0.3529 0.3366 0.3642 0.3215 0.2704 0.2968 0.3058 0.0000 0.2691 0.3109 0.3116 0.3092 0.2812 0.3477 0.2980 0.2847 0.3081 0.3149 0.2962 0.2987 0.2898 0.2841 0.2786 0.3090 0.3309 0.4170 0.3674 0.2337 0.2187 1.1567 1.0873 0.6149 0.9497
0.2391 0.2169 0.2006 0.1523 0.0701 0.0842 0.1140 0.2691 0.0000 0.3413 0.0998 0.1552 0.1635 0.1923 0.2494 0.2081 0.2022 0.1919 0.1370 0.2135 0.0922 0.1315 0.2166 0.1954 0.2097 0.4549 0.3812 0.2799 0.1291 1.3047 1.2417 0.7860 1.0809
0.4010 0.3842 0.4954 0.4318 0.3519 0.3961 0.3795 0.3109 0.3413 0.0000 0.4292 0.3901 0.3036 0.4611 0.1689 0.2221 0.3239 0.3606 0.3755 0.2644 0.3829 0.3431 0.1770 0.3486 0.3965 0.5545 0.3947 0.4165 0.2485 1.1750 1.0508 0.7774 0.8964
0.2910 0.2734 0.1207 0.1076 0.1020 0.1118 0.1457 0.3116 0.0998 0.4292 0.0000 0.1360 0.2012 0.1320 0.3264 0.2724 0.2224 0.1924 0.1315 0.2595 0.0768 0.1489 0.3090 0.2065 0.1959 0.4508 0.3973 0.2770 0.2004 1.3293 1.2843 0.7976 1.1416
0.3829 0.3623 0.1256 0.0751 0.0987 0.2208 0.2419 0.3092 0.1552 0.3901 0.1360 0.0000 0.1041 0.0790 0.2646 0.1989 0.1110 0.0723 0.0309 0.1750 0.0698 0.0541 0.2895 0.0786 0.0609 0.4538 0.3397 0.2490 0.1900 1.3057 1.2496 0.8115 1.1422
0.3695 0.3470 0.2249 0.1601 0.1120 0.2427 0.2562 0.2812 0.1635 0.3036 0.2012 0.1041 0.0000 0.1803 0.1659 0.1022 0.0681 0.0837 0.0911 0.0966 0.1276 0.0582 0.2043 0.0591 0.1073 0.4669 0.3200 0.2636 0.1469 1.2761 1.1988 0.8055 1.0838
0.4137 0.3945 0.0537 0.0532 0.1450 0.2370 0.2686 0.3477 0.1923 0.4611 0.1320 0.0790 0.1803 0.0000 0.3417 0.2771 0.1853 0.1415 0.0935 0.2527 0.1031 0.1277 0.3587 0.1479 0.1068 0.4600 0.3818 0.2649 0.2544 1.3311 1.2902 0.8245 1.1864
0.3652 0.3450 0.3821 0.3169 0.2363 0.3174 0.3078 0.2980 0.2494 0.1689 0.3264 0.2646 0.1659 0.3417 0.0000 0.0691 0.1853 0.2267 0.2512 0.1195 0.2684 0.2161 0.1067 0.2142 0.2665 0.5165 0.3363 0.3482 0.1661 1.2286 1.1184 0.8030 0.9856
0.3614 0.3404 0.3195 0.2565 0.1836 0.2826 0.2761 0.2847 0.2081 0.2221 0.2724 0.1989 0.1022 0.2771 0.0691 0.0000 0.1173 0.1581 0.1884 0.0577 0.2098 0.1531 0.1407 0.1486 0.2005 0.4908 0.3109 0.3073 0.1341 1.2449 1.1484 0.8008 1.0276
0.4030 0.3827 0.2342 0.1839 0.1551 0.2784 0.2774 0.3081 0.2022 0.3239 0.2224 0.1110 0.0681 0.1853 0.1853 0.1173 0.0000 0.0465 0.1172 0.0766 0.1546 0.0933 0.2451 0.0589 0.0986 0.4709 0.2939 0.2705 0.1667 1.2696 1.1947 0.8106 1.1010
0.4049 0.3848 0.1910 0.1471 0.1403 0.2641 0.2682 0.3149 0.1919 0.3606 0.1924 0.0723 0.0837 0.1415 0.2267 0.1581 0.0465 0.0000 0.0879 0.1199 0.1269 0.0770 0.2754 0.0500 0.0638 0.4631 0.3049 0.2598 0.1809 1.2842 1.2188 0.8127 1.1261
0.3669 0.3452 0.1346 0.0703 0.0756 0.2056 0.2332 0.2962 0.1370 0.3755 0.1315 0.0309 0.0911 0.0935 0.2512 0.1884 0.1172 0.0879 0.0000 0.1732 0.0575 0.0356 0.2687 0.0803 0.0763 0.4536 0.3472 0.2484 0.1791 1.3051 1.2459 0.8087 1.1293
0.3788 0.3592 0.2975 0.2424 0.1825 0.2876 0.2750 0.2987 0.2135 0.2644 0.2595 0.1750 0.0966 0.2527 0.1195 0.0577 0.0766 0.1199 0.1732 0.0000 0.1977 0.1409 0.1912 0.1255 0.1727 0.4838 0.2896 0.2968 0.1418 1.2488 1.1596 0.8029 1.0554
0.3214 0.3007 0.1237 0.0697 0.0481 0.1521 0.1819 0.2898 0.0922 0.3829 0.0768 0.0698 0.1276 0.1031 0.2684 0.2098 0.1546 0.1269 0.0575 0.1977 0.0000 0.0729 0.2673 0.1324 0.1290 0.4479 0.3617 0.2531 0.1658 1.3123 1.2571 0.7999 1.1259
0.3568 0.3347 0.1690 0.1044 0.0725 0.2075 0.2285 0.2841 0.1315 0.3431 0.1489 0.0541 0.0582 0.1277 0.2161 0.1531 0.0933 0.0770 0.0356 0.1409 0.0729 0.0000 0.2375 0.0656 0.0854 0.4553 0.3337 0.2502 0.1534 1.2938 1.2278 0.8045 1.1091
0.2809 0.2601 0.3878 0.3221 0.2250 0.2655 0.2622 0.2786 0.2166 0.1770 0.3090 0.2895 0.2043 0.3587 0.1067 0.1407 0.2451 0.2754 0.2687 0.1912 0.2673 0.2375 0.0000 0.2624 0.3098 0.5165 0.3865 0.3616 0.1603 1.2430 1.1348 0.7910 0.9606
0.4141 0.3923 0.1989 0.1432 0.1370 0.2719 0.2870 0.3090 0.1954 0.3486 0.2065 0.0786 0.0591 0.1479 0.2142 0.1486 0.0589 0.0500 0.0803 0.1255 0.1324 0.0656 0.2624 0.0000 0.0531 0.4682 0.3185 0.2604 0.1893 1.2843 1.2151 0.8169 1.1183
0.4359 0.4148 0.1602 0.1171 0.1496 0.2793 0.2990 0.3309 0.2097 0.3965 0.1959 0.0609 0.1073 0.1068 0.2665 0.2005 0.0986 0.0638 0.0763 0.1727 0.1290 0.0854 0.3098 0.0531 0.0000 0.4673 0.3337 0.2596 0.2236 1.2992 1.2405 0.8247 1.1509
0.5343 0.5246 0.4640 0.4559 0.4515 0.4670 0.4712 0.4170 0.4549 0.5545 0.4508 0.4538 0.4669 0.4600 0.5165 0.4908 0.4709 0.4631 0.4536 0.4838 0.4479 0.4553 0.5165 0.4682 0.4673 0.0000 0.3183 0.3529 0.4308 1.0526 1.0487 0.6231 0.9950
0.5068 0.4932 0.4138 0.3870 0.3635 0.4313 0.4110 0.3674 0.3812 0.3947 0.3973 0.3397 0.3200 0.3818 0.3363 0.3109 0.2939 0.3049 0.3472 0.2896 0.3617 0.3337 0.3865 0.3185 0.3337 0.3183 0.0000 0.2870 0.3058 1.0776 1.0216 0.6757 0.9853
0.4336 0.4167 0.2817 0.2592 0.2586 0.3173 0.3313 0.2337 0.2799 0.4165 0.2770 0.2490 0.2636 0.2649 0.3482 0.3073 0.2705 0.2598 0.2484 0.2968 0.2531 0.2502 0.3616 0.2604 0.2596 0.3529 0.2870 0.0000 0.2528 1.1359 1.1045 0.5893 1.0052
0.2719 0.2520 0.2809 0.2281 0.1428 0.1897 0.1711 0.2187 0.1291 0.2485 0.2004 0.1900 0.1469 0.2544 0.1661 0.1341 0.1667 0.1809 0.1791 0.1418 0.1658 0.1534 0.1603 0.1893 0.2236 0.4308 0.3058 0.2528 0.0000 1.2311 1.1542 0.7347 1.0118
1.3010 1.2998 1.3470 1.3284 1.3039 1.3218 1.3067 1.1567 1.3047 1.1750 1.3293 1.3057 1.2761 1.3311 1.2286 1.2449 1.2696 1.2842 1.3051 1.2488 1.3123 1.2938 1.2430 1.2843 1.2992 1.0526 1.0776 1.1359 1.2311 0.0000 0.3060 0.7523 0.6495
1.2283 1.2261 1.3141 1.2819 1.2405 1.2666 1.2481 1.0873 1.2417 1.0508 1.2843 1.2496 1.1988 1.2902 1.1184 1.1484 1.1947 1.2188 1.2459 1.1596 1.2571 1.2278 1.1348 1.2151 1.2405 1.0487 1.0216 1.1045 1.1542 0.3060 0.0000 0.7883 0.5042
0.7800 0.7787 0.8269 0.8163 0.7945 0.7845 0.7779 0.6149 0.7860 0.7774 0.7976 0.8115 0.8055 0.8245 0.8030 0.8008 0.8106 0.8127 0.8087 0.8029 0.7999 0.8045 0.7910 0.8169 0.8247 0.6231 0.6757 0.5893 0.7347 0.7523 0.7883 0.0000 0.7127
1.0026 1.0041 1.2025 1.1614 1.0986 1.0874 1.0735 0.9497 1.0809 0.8964 1.1416 1.1422 1.0838 1.1864 0.9856 1.0276 1.1010 1.1261 1.1293 1.0554 1.1259 1.1091 0.9606 1.1183 1.1509 0.9950 0.9853 1.0052 1.0118 0.6495 0.5042 0.7127 0.0000
Analysis of structure...
Analysis of expected functional clusters...
        Inout cluster distances
        Generating functional bootstrapping histogram
        ~~~~REPORT~~~~
Structural difference between muscles that cross different dofs
        Number of distances in incluster: 1306.
        Number of distances in outcluster: 1862.
        In cluster distance mean 0.3166 median 0.2142 std 0.3149
                Normality test 484.848134357, p-value 5.20673343291e-106
        Out cluster distance mean 0.5158 median 0.3486 std 0.3854
                Normality test 267.906140049, p-value 6.68222129922e-59
        Mann-Whitney U 740650.0, nx 1306, ny 1862, nx*ny 2431772, p-value 9.09562007932e-79.
        Wilcoxon signed-rank test T 210856.5, p-value 4.54159636584e-56.
        Differences mean -0.171024963101 median -0.103808064027 std 0.426053585156. Porion negative 0.720620842572. Number of elements 20746.
        T-test for 0.0 mean t -57.816527064 p-value 0.0.
                Z-score 0.401416556649, p 0.344056730817.
        DAgostino normality test 658.313992384 p-value 1.11926487259e-143 (low=not normal)
        Sign 1-sample test p-value 0.0, confidence 0.99 interval [-inf, -0.10378594925634799] (assuming normal: [-0.10723654570617348, -0.1008011358326554])
Expected functional clusters: (difference between muscles that cross the same DOF but belong to different clusters)
         7 clusters. Number of elements: 3496 Labels: [0, 0, 0, 1, 1, 2, 2, 2, 3, 3, 3, 4, 4, 4, 4, 4, 4, 4, 4, 5, 5, 5, 5, 5, 5, 6, 6, 6, 6, 6, 6, 6, 6]
        Two sample tests:
                In cluster len 490, mean 0.342997925153, median 0.198873200853, std 0.32798867635, normality p-value 1.47949592007e-303
                Out cluster len 816, mean 0.300688390616, median 0.215140910617, std 0.305603139589, normality p-value 1.47949592007e-303
                2-sample Z-score -2.31508660912, p-value 0.989695903643.
                2-sample Welchs T-score 2.31304661244, p-value 0.0209279217932.
                Mann-Whitney U 201808.0, nx*ny 399840, p-value 0.612627708776.
                Wilcoxon signed-rank test T 55210.0, p-value 0.115374588788.
        One difference sample tests:
                Difference len 3496, mean -0.0477257613303, median -0.0177958601252, std 0.260773130011, normality p-value 1.47949592007e-303
                Z-score from 0: 0.183016407129, p-value 0.42739257251
                T-score from 0: -10.8196600431, p-value 7.36749886848e-27
                Sign 1-sample test p-value 8.46158755644e-15, confidence 0.99 interval [-inf, -0.01765257654574226] (assuming normal [-0.02327408913155942, -0.013195279383745179])
                Cluster  0 with   3 elements. T-test for 0 p-value: 1.528231e-07. Z-test for 0:   0.408539, p-value: 3.414390e-01. Muscles in the cluster: BIC_LO, BIC_SH, SUP
                Cluster  1 with   2 elements. T-test for 0 p-value: 4.538254e-06. Z-test for 0:   0.644492, p-value: 2.596281e-01. Muscles in the cluster: PT, PQ
                Cluster  2 with   3 elements. T-test for 0 p-value: 7.296920e-10. Z-test for 0:   0.486631, p-value: 3.132599e-01. Muscles in the cluster: ECR_LO, ECR_BR, ECU
                Cluster  3 with   3 elements. T-test for 0 p-value: 2.197266e-03. Z-test for 0:   0.232240, p-value: 4.081757e-01. Muscles in the cluster: FCR, FCU, PL
                Cluster  4 with   8 elements. T-test for 0 p-value: 1.710329e-109. Z-test for 0:   0.651074, p-value: 2.574995e-01. Muscles in the cluster: FDS5, FDS4, FDS3, FDS2, FDP5, FDP4, FDP3, FDP2
                Cluster  5 with   6 elements. T-test for 0 p-value: 1.250735e-48. Z-test for 0:   0.551599, p-value: 2.906116e-01. Muscles in the cluster: EDM, ED5, ED4, ED3, ED2, EIND
                Cluster  6 with   8 elements. T-test for 0 p-value: 7.911704e-04. Z-test for 0:  -0.089918, p-value: 5.358239e-01. Muscles in the cluster: EPL, EPB, FPB, FPL, APL, OP, APB, ADPT
